1989771009
3369908591
4859885503
3720399001
2949877648
1610032136

4210018619

1989829015


6130178565

1271180987
3380117919
6189984320
3369975661
0920894208
1293033618
2755588640

0012178217
4200674531

4232068211
3660169463


3359859707
5169977174
1091628254
5430002178


4380076962
5510002433
3240186901
4969959471
4610331829
1571322485
0720060664

2620060818
1980075158
2229917919

5049953601
3849873986
1271151510
0640354394
3031778642
4190065978
4260061534

3770109848

5299982135
1709924276
5129970543
0639032273
2110161655
0410205184
3251750283
5989952031
2280790890


2003370706
3610123273

4830069902
3610139277



1583393161
0941082636
0534949185
1989947514
2790258139
2143011903

4269900431
4310013007
5249250361
3521316149
2200776497

0010381066
3258541000
0323667503
0630020477

1841949396
2679912381
3369908591
1990167616
0921443757
2229919611

4209804363
0422092657
1292948477
4310265820

2110366321
4569953336
2930028981
4999950693

0084266821

4899865066

4199731636
1552855937
2020117282


3369947854
3720143661
5550069083
1739504607
4190057290
5220068202
5040029462
0860100774


5919960590
3979957411
3241065790
4270300825
3255963354
1171276095
3350073867

0371002486
5220071351
1467482838
2960201272
2961192056



0079167683


4000020269
1590144694
4060075663
1080143221
3259210393

4819726560
3309886001
5499931852
0560039638
3810045500

1841919888
4819946188

2670484621
5219970011


3570110001
3610474742
3540145273


1841938378
0732526159
0322795834

2722551993
4560081336
6069846354
1640062339
4360588593
4690075621
0013466186


0640234240
4849879519

1467585858
4969876207
1062924517
1756955972



2181865973
4051914623
3031898354
2755549106
0945457294

3690156661
0890215650

4232008330



0921062958
5169978545

3579964402
3120026352
2511545306
2559899019
1699852189
4310475612
4539865501


3161179811

3360429745
4072873640
2670023207
2110024283



3309965899
0421941200



4850016987
2249898413
2270005244


1467046906
2150017199

0084178681
3920248716
4285716852
5270003023
3790117277

0076149277
3259038345
1660232201


1972250035



1271250098

0690298481
4391830035

4899951280

0690184204
5599901130



0430034954
2491791323
3210033803
4940043177


5480037161
5769950382

3521257398
۲۵۹۴۷۵۵۳۶۲


4850005918
1360903577

4324242021
4490275161
0603351905
3610335580
3131571586
1740694139
1467414492
4189971091

2170123644

4860096940
3258997683
0440224578

5799986873



3732935108
1980090327
0386445461
2380023069

6379987819
4073636383


1111269505
1740800580
2722692708
3149887003

2269924657

1753801958


2960138627
1130010392
3392820083
3257660332


4232229620
1092335196
1960043625
4324517681

3320216457

0520420721
5049902169
0012351857

1520045123
1699446237
4061753223
1630104914

0079749844
2230053523
4172166301
2972282418

5770013699


4549526815
3733132424
6009928176
4310050638
1541444019
1972333844
3980099962
0011298588
2679921038
3359881907

4073208101
3256915078
3610301155
2270052447
4073307061
4073530151
3530052061
2660139598
3257259565
0902524844

2411556160
4859885503
6539964382
2130004423
2411551533
3674244322
6579955821
4322338577
2249960518


2392275270
1590112415
2420231201

1741013542
4650743710
5299981872
3240379341
4324392171
0830010378

5709960438
4189857254

4133162978

1271176130
4232077170
1980145644
3621824480
1502719878
6369948276
3243576946
1830215299
2190112532

4120045927
4073274090
3610308826
2122807921
1240001762
6479973887


6060045375
6549967635

4200007169
3621862757
3850008630
1719872910



